weight
76.6
54.8
52.3
65.3
76.3
39.9
58.6
65.4
57.4
71.4
73.3
79.6
69.1
53.1
57.6
46.9
72.8
72.5
81.3
75.7
53.3
58.2
57.2
58.3
65.8
59.7
68.9
64.5
72.8
54.4
62.7
61.0
78.8
77.6
59.6
56.9
72.1
52.6
53.6
72.3
48.7
71.4
72.8
92.5
56.9
80.4
69.2
84.3
79.5
76.3
63.1
61.2
60.4
63
61.1
49.6
73.6
63.3
55.4
61.3
91
55
47.1
63.8
67.4
66.8
72.3
79.1
75.5
59.7
63.7
62.9
51.1
72.4
60.3
80.5
67.8
69.6
62.1
71.0
60.8
66.8
58.1
69.6
61.1
88.0
61.8
76.1
54.5
79.2
54.4
43.1
56.7
56.9
68.8
61.4
72.9
73.2
82.3
69.1
66.4
68.3
64.0
72.6
62.2
40.8
44.6
58.4
71.6
49.5
73.3
51.3
66.1
59.5
45.8
75.2
58.4
56.6
56.3
73.5
71.0
62.2
57.3
62.4
59.1
46.9
63.6
73.4
46.7
65.3
37.4
87.3
60.9
75.0
66.6
69.8
79.1
45.3
63.8
64.8
73.6
64.4
51.6
65.3
70.7
55.2
85.8
38.1
75.2
71.3
56.9
66.0
87.2
66.4
62.0
76.3
63.0
63.6
45.6
71.4
73.3
67.8
63.8
67.4
49.7
75.8
53.5
70.5
63.8
76.3
88.9
67.4
50.4
65.4
66.2
71.4
62.1
63.3
56.3
59.8
62.8
68.4
61.8
56.0
70.1
54.8
61.2
68.5
72.8
64.2
89.4
61.1
60.9
53.6
55.6
65.2
57.7
75.0
66.8
53.0
74.2
65.3
73.3
79.4
51.4
79.0
73.1
73.8
72.1
55.6
64.9
49.4
66.2
64.1
54.9
57.7
61.3
76.3
92.3
66.7
67.6
58.4
74.2
65.8
54.1
66.9
77.6
68.3
57.6
77.3
67.1
63.0
65.9
76.4
65.6
68.9
50.0
50.3
74.5
70.8
75.2
77.1
56.2
48.7
58.8
84.3
63.7
61.1
63.5
59.3
56.1
67.3
68.5
69.9
70.4
64.6
72.2
79.9
52.6
70.6
58.7
55.0
71.7
59.4
64.9
66.8
53.5
67.4
59.1
71.5
72.8
71.6
63.1
50.4
62.0
88.8
59.2
47.3
44.2
66.2
68.5
59.9
78.0
42.9
54.1
59.3
62.6
60.0
61.3
66.2
72.3
81.7
42.2
59.8
60.8
65.9
58.7
78.7
67.1
75.4
71.0
86.1
67.4
84.9
69.1
72.7
101.0
64.3
63.7
76.7
48.4
64.7
66.0
63.4
51.3
69.9
55.6
77.5
62.0
75.9
60.6
67.3
73.9
70.9
76.4
66.6
91.6
93.4
65.5
61.3
59.1
74.3
60.1
52.0
59.0
65.9
52.4
85.1
45.5
74.4
67.1
78.3
66.7
47.1
44.9
85.0
68.2
60.1
58.8
80.9
59.4
66.7
52.7
78.9
57.8
55.9
60.4
71.4
48.8
55.0
56.4
55.1
73.8
48.0
90.8
62.4
58.9
46.7
61.3
60.9
52.3
73.8
69.5
73.1
51.9
61.6
87.2
60.6
52.8
57.5
56.3
78.9
65.7
62.4
54.3
53.3
64.2
58.3
47.9
50.5
51.1
62.0
60.5
68.9
59.4
85.2
74.1
63.1
47.6
97.1
47.4
109.0
74.6
58.9
68.7
79.4
69.3
63.0
49.0
68.8
60.5
69.5
47.9
75.3
70.1
67.5
45.6
67.0
85.4
55.2
